nx, ny = 50 50
0	0	-10
1	0	-10
2	0	-10
3	0	-10
4	0	-10
5	0	-10
6	0	-10
7	0	-10
8	0	-10
9	0	-10
10	0	-10
11	0	-10
12	0	-10
13	0	-10
14	0	-10
15	0	-10
16	0	-10
17	0	-10
18	0	-10
19	0	-10
20	0	-10
21	0	-10
22	0	-10
23	0	-10
24	0	-10
25	0	-10
26	0	-10
27	0	-10
28	0	-10
29	0	-10
30	0	-10
31	0	-10
32	0	-10
33	0	-10
34	0	-10
35	0	-10
36	0	-10
37	0	-10
38	0	-10
39	0	-10
40	0	-10
41	0	-10
42	0	-10
43	0	-10
44	0	-10
45	0	-10
46	0	-10
47	0	-10
48	0	-10
49	0	-10
50	0	-10
0	1	10
1	1	-1.30066e-16
2	1	-3.953
3	1	-5.81199
4	1	-6.82952
5	1	-7.45633
6	1	-7.87738
7	1	-8.17849
8	1	-8.40391
9	1	-8.57851
10	1	-8.7173
11	1	-8.82982
12	1	-8.92242
13	1	-8.99948
14	1	-9.06411
15	1	-9.11859
16	1	-9.16457
17	1	-9.20334
18	1	-9.23585
19	1	-9.26284
20	1	-9.28487
21	1	-9.30238
22	1	-9.31569
23	1	-9.32504
24	1	-9.33059
25	1	-9.33242
26	1	-9.33059
27	1	-9.32504
28	1	-9.31569
29	1	-9.30238
30	1	-9.28487
31	1	-9.26284
32	1	-9.23585
33	1	-9.20334
34	1	-9.16457
35	1	-9.11859
36	1	-9.06411
37	1	-8.99948
38	1	-8.92242
39	1	-8.82982
40	1	-8.7173
41	1	-8.57851
42	1	-8.40391
43	1	-8.17849
44	1	-7.87738
45	1	-7.45633
46	1	-6.82952
47	1	-5.81199
48	1	-3.953
49	1	3.27499e-11
50	1	10
0	2	10
1	2	3.953
2	2	-6.09227e-16
3	2	-2.46543
4	2	-4.04975
5	2	-5.11841
6	2	-5.8747
7	2	-6.43267
8	2	-6.85863
9	2	-7.19285
10	2	-7.46088
11	2	-7.67956
12	2	-7.86038
13	2	-8.01138
14	2	-8.13839
15	2	-8.24566
16	2	-8.33637
17	2	-8.41294
18	2	-8.47722
19	2	-8.53063
20	2	-8.57427
21	2	-8.60896
22	2	-8.63534
23	2	-8.65388
24	2	-8.66488
25	2	-8.66853
26	2	-8.66488
27	2	-8.65388
28	2	-8.63534
29	2	-8.60896
30	2	-8.57427
31	2	-8.53063
32	2	-8.47722
33	2	-8.41294
34	2	-8.33637
35	2	-8.24566
36	2	-8.13839
37	2	-8.01138
38	2	-7.86038
39	2	-7.67956
40	2	-7.46088
41	2	-7.19285
42	2	-6.85863
43	2	-6.43267
44	2	-5.8747
45	2	-5.11841
46	2	-4.04975
47	2	-2.46543
48	2	2.05863e-10
49	2	3.953
50	2	10
0	3	10
1	3	5.81199
2	3	2.46543
3	3	-6.99916e-16
4	3	-1.78565
5	3	-3.09284
6	3	-4.07035
7	3	-4.81887
8	3	-5.40508
9	3	-5.87337
10	3	-6.25381
11	3	-6.56717
12	3	-6.82814
13	3	-7.04729
14	3	-7.23241
15	3	-7.38928
16	3	-7.52231
17	3	-7.63484
18	3	-7.72947
19	3	-7.8082
20	3	-7.8726
21	3	-7.92384
22	3	-7.96284
23	3	-7.99025
24	3	-8.00653
25	3	-8.01192
26	3	-8.00653
27	3	-7.99025
28	3	-7.96284
29	3	-7.92384
30	3	-7.8726
31	3	-7.8082
32	3	-7.72947
33	3	-7.63484
34	3	-7.52231
35	3	-7.38928
36	3	-7.23241
37	3	-7.04729
38	3	-6.82814
39	3	-6.56717
40	3	-6.25381
41	3	-5.87337
42	3	-5.40508
43	3	-4.81887
44	3	-4.07035
45	3	-3.09284
46	3	-1.78565
47	3	6.22618e-10
48	3	2.46543
49	3	5.81199
50	3	10
0	4	10
1	4	6.82952
2	4	4.04975
3	4	1.78565
4	4	-8.02804e-16
5	4	-1.39696
6	4	-2.495
7	4	-3.36738
8	4	-4.06944
9	4	-4.64174
10	4	-5.11381
11	4	-5.50717
12	4	-5.83771
13	4	-6.11724
14	4	-6.35466
15	4	-6.55676
16	4	-6.72873
17	4	-6.87463
18	4	-6.99761
19	4	-7.10012
20	4	-7.18408
21	4	-7.25098
22	4	-7.30193
23	4	-7.33777
24	4	-7.35905
25	4	-7.36611
26	4	-7.35905
27	4	-7.33777
28	4	-7.30193
29	4	-7.25098
30	4	-7.18408
31	4	-7.10012
32	4	-6.99761
33	4	-6.87463
34	4	-6.72873
35	4	-6.55676
36	4	-6.35466
37	4	-6.11724
38	4	-5.83771
39	4	-5.50717
40	4	-5.11381
41	4	-4.64174
42	4	-4.06944
43	4	-3.36738
44	4	-2.495
45	4	-1.39696
46	4	9.53611e-10
47	4	1.78565
48	4	4.04975
49	4	6.82952
50	4	10
0	5	10
1	5	7.45633
2	5	5.11841
3	5	3.09284
4	5	1.39696
5	5	-5.09292e-16
6	5	-1.1453
7	5	-2.08621
8	5	-2.86356
9	5	-3.51036
10	5	-4.0525
11	5	-4.51
12	5	-4.8983
13	5	-5.2293
14	5	-5.51225
15	5	-5.75435
16	5	-5.96123
17	5	-6.13735
18	5	-6.28621
19	5	-6.41058
20	5	-6.51263
21	5	-6.59405
22	5	-6.65613
23	5	-6.69984
24	5	-6.7258
25	5	-6.73442
26	5	-6.7258
27	5	-6.69984
28	5	-6.65613
29	5	-6.59405
30	5	-6.51263
31	5	-6.41058
32	5	-6.28621
33	5	-6.13735
34	5	-5.96123
35	5	-5.75435
36	5	-5.51225
37	5	-5.2293
38	5	-4.8983
39	5	-4.51
40	5	-4.0525
41	5	-3.51036
42	5	-2.86356
43	5	-2.08621
44	5	-1.1453
45	5	1.34849e-09
46	5	1.39696
47	5	3.09284
48	5	5.11841
49	5	7.45633
50	5	10
0	6	10
1	6	7.87738
2	6	5.8747
3	6	4.07035
4	6	2.495
5	6	1.1453
6	6	-2.8712e-16
7	6	-0.96861
8	6	-1.78823
9	6	-2.48364
10	6	-3.07584
11	6	-3.58204
12	6	-4.01617
13	6	-4.38941
14	6	-4.71069
15	6	-4.98714
16	6	-5.2245
17	6	-5.42734
18	6	-5.59931
19	6	-5.74336
20	6	-5.8618
21	6	-5.95646
22	6	-6.02872
23	6	-6.07964
24	6	-6.10991
25	6	-6.11995
26	6	-6.10991
27	6	-6.07964
28	6	-6.02872
29	6	-5.95646
30	6	-5.8618
31	6	-5.74336
32	6	-5.59931
33	6	-5.42734
34	6	-5.2245
35	6	-4.98714
36	6	-4.71069
37	6	-4.38941
38	6	-4.01617
39	6	-3.58204
40	6	-3.07584
41	6	-2.48364
42	6	-1.78823
43	6	-0.96861
44	6	1.41014e-09
45	6	1.1453
46	6	2.495
47	6	4.07035
48	6	5.8747
49	6	7.87738
50	6	10
0	7	10
1	7	8.17849
2	7	6.43267
3	7	4.81887
4	7	3.36738
5	7	2.08621
6	7	0.96861
7	7	-3.34147e-16
8	7	-0.837092
9	7	-1.56014
10	7	-2.18516
11	7	-2.72614
12	7	-3.19495
13	7	-3.60149
14	7	-3.95394
15	7	-4.25904
16	7	-4.52229
17	7	-4.74818
18	7	-4.94035
19	7	-5.10175
20	7	-5.23476
21	7	-5.34125
22	7	-5.42266
23	7	-5.48008
24	7	-5.51424
25	7	-5.52558
26	7	-5.51424
27	7	-5.48008
28	7	-5.42266
29	7	-5.34125
30	7	-5.23476
31	7	-5.10175
32	7	-4.94035
33	7	-4.74818
34	7	-4.52229
35	7	-4.25904
36	7	-3.95394
37	7	-3.60149
38	7	-3.19495
39	7	-2.72614
40	7	-2.18516
41	7	-1.56014
42	7	-0.837092
43	7	1.45327e-09
44	7	0.96861
45	7	2.08621
46	7	3.36738
47	7	4.81887
48	7	6.43267
49	7	8.17849
50	7	10
0	8	10
1	8	8.40391
2	8	6.85863
3	8	5.40508
4	8	4.06944
5	8	2.86356
6	8	1.78823
7	8	0.837092
8	8	-4.57905e-16
9	8	-0.73467
10	8	-1.37854
11	8	-1.94242
12	8	-2.43599
13	8	-2.86764
14	8	-3.24455
15	8	-3.5728
16	8	-3.85745
17	8	-4.10273
18	8	-4.31214
19	8	-4.48854
20	8	-4.63425
21	8	-4.75112
22	8	-4.8406
23	8	-4.90378
24	8	-4.94139
25	8	-4.95388
26	8	-4.94139
27	8	-4.90378
28	8	-4.8406
29	8	-4.75112
30	8	-4.63425
31	8	-4.48854
32	8	-4.31214
33	8	-4.10273
34	8	-3.85745
35	8	-3.5728
36	8	-3.24455
37	8	-2.86764
38	8	-2.43599
39	8	-1.94242
40	8	-1.37854
41	8	-0.73467
42	8	1.03523e-09
43	8	0.837092
44	8	1.78823
45	8	2.86356
46	8	4.06944
47	8	5.40508
48	8	6.85863
49	8	8.40391
50	8	10
0	9	10
1	9	8.57851
2	9	7.19285
3	9	5.87337
4	9	4.64174
5	9	3.51036
6	9	2.48364
7	9	1.56014
8	9	0.73467
9	9	-6.31705e-16
10	9	-0.651889
11	9	-1.22902
12	9	-1.73895
13	9	-2.18853
14	9	-2.58384
15	9	-2.93014
16	9	-3.23197
17	9	-3.49316
18	9	-3.71694
19	9	-3.90601
20	9	-4.06256
21	9	-4.18838
22	9	-4.28486
23	9	-4.35304
24	9	-4.39366
25	9	-4.40716
26	9	-4.39366
27	9	-4.35304
28	9	-4.28486
29	9	-4.18838
30	9	-4.06256
31	9	-3.90601
32	9	-3.71694
33	9	-3.49316
34	9	-3.23197
35	9	-2.93014
36	9	-2.58384
37	9	-2.18853
38	9	-1.73895
39	9	-1.22902
40	9	-0.651889
41	9	8.55929e-10
42	9	0.73467
43	9	1.56014
44	9	2.48364
45	9	3.51036
46	9	4.64174
47	9	5.87337
48	9	7.19285
49	9	8.57851
50	9	10
0	10	10
1	10	8.7173
2	10	7.46088
3	10	6.25381
4	10	5.11381
5	10	4.0525
6	10	3.07584
7	10	2.18516
8	10	1.37854
9	10	0.651889
10	10	-7.92894e-16
11	10	-0.582817
12	10	-1.10225
13	10	-1.5637
14	10	-1.97212
15	10	-2.33196
16	10	-2.64712
17	10	-2.92099
18	10	-3.15647
19	10	-3.356
20	10	-3.52162
21	10	-3.65498
22	10	-3.7574
23	10	-3.82986
24	10	-3.87307
25	10	-3.88742
26	10	-3.87307
27	10	-3.82986
28	10	-3.7574
29	10	-3.65498
30	10	-3.52162
31	10	-3.356
32	10	-3.15647
33	10	-2.92099
34	10	-2.64712
35	10	-2.33196
36	10	-1.97212
37	10	-1.5637
38	10	-1.10225
39	10	-0.582817
40	10	5.86675e-10
41	10	0.651889
42	10	1.37854
43	10	2.18516
44	10	3.07584
45	10	4.0525
46	10	5.11381
47	10	6.25381
48	10	7.46088
49	10	8.7173
50	10	10
0	11	10
1	11	8.82982
2	11	7.67956
3	11	6.56717
4	11	5.50717
5	11	4.51
6	11	3.58204
7	11	2.72614
8	11	1.94242
9	11	1.22902
10	11	0.582817
11	11	-8.34233e-16
12	11	-0.523536
13	11	-0.991894
14	11	-1.40899
15	11	-1.77846
16	11	-2.10357
17	11	-2.38722
18	11	-2.63194
19	11	-2.8399
20	11	-3.01293
21	11	-3.15253
22	11	-3.25989
23	11	-3.33594
24	11	-3.38132
25	11	-3.3964
26	11	-3.38132
27	11	-3.33594
28	11	-3.25989
29	11	-3.15253
30	11	-3.01293
31	11	-2.8399
32	11	-2.63194
33	11	-2.38722
34	11	-2.10357
35	11	-1.77846
36	11	-1.40899
37	11	-0.991894
38	11	-0.523536
39	11	6.5714e-10
40	11	0.582817
41	11	1.22902
42	11	1.94242
43	11	2.72614
44	11	3.58204
45	11	4.51
46	11	5.50717
47	11	6.56717
48	11	7.67956
49	11	8.82982
50	11	10
0	12	10
1	12	8.92242
2	12	7.86038
3	12	6.82814
4	12	5.83771
5	12	4.8983
6	12	4.01617
7	12	3.19495
8	12	2.43599
9	12	1.73895
10	12	1.10225
11	12	0.523536
12	12	-8.95217e-16
13	12	-0.471348
14	12	-0.893499
15	12	-1.26932
16	12	-1.60147
17	12	-1.89237
18	12	-2.14417
19	12	-2.35873
20	12	-2.53767
21	12	-2.6823
22	12	-2.79371
23	12	-2.8727
24	12	-2.91986
25	12	-2.93555
26	12	-2.91986
27	12	-2.8727
28	12	-2.79371
29	12	-2.6823
30	12	-2.53767
31	12	-2.35873
32	12	-2.14417
33	12	-1.89237
34	12	-1.60147
35	12	-1.26932
36	12	-0.893499
37	12	-0.471348
38	12	3.7059e-10
39	12	0.523536
40	12	1.10225
41	12	1.73895
42	12	2.43599
43	12	3.19495
44	12	4.01617
45	12	4.8983
46	12	5.83771
47	12	6.82814
48	12	7.86038
49	12	8.92242
50	12	10
0	13	10
1	13	8.99948
2	13	8.01138
3	13	7.04729
4	13	6.11724
5	13	5.2293
6	13	4.38941
7	13	3.60149
8	13	2.86764
9	13	2.18853
10	13	1.5637
11	13	0.991894
12	13	0.471348
13	13	-9.0143e-16
14	13	-0.424335
15	13	-0.803843
16	13	-1.14062
17	13	-1.43662
18	13	-1.69363
19	13	-1.9132
20	13	-2.09671
21	13	-2.24531
22	13	-2.35993
23	13	-2.44128
24	13	-2.48989
25	13	-2.50606
26	13	-2.48989
27	13	-2.44128
28	13	-2.35993
29	13	-2.24531
30	13	-2.09671
31	13	-1.9132
32	13	-1.69363
33	13	-1.43662
34	13	-1.14062
35	13	-0.803843
36	13	-0.424335
37	13	3.72728e-10
38	13	0.471348
39	13	0.991894
40	13	1.5637
41	13	2.18853
42	13	2.86764
43	13	3.60149
44	13	4.38941
45	13	5.2293
46	13	6.11724
47	13	7.04729
48	13	8.01138
49	13	8.99948
50	13	10
0	14	10
1	14	9.06411
2	14	8.13839
3	14	7.23241
4	14	6.35466
5	14	5.51225
6	14	4.71069
7	14	3.95394
8	14	3.24455
9	14	2.58384
10	14	1.97212
11	14	1.40899
12	14	0.893499
13	14	0.424335
14	14	-8.57858e-16
15	14	-0.381098
16	14	-0.720548
17	14	-1.01988
18	14	-1.28051
19	14	-1.50373
20	14	-1.69067
21	14	-1.8423
22	14	-1.95941
23	14	-2.04261
24	14	-2.09236
25	14	-2.10891
26	14	-2.09236
27	14	-2.04261
28	14	-1.95941
29	14	-1.8423
30	14	-1.69067
31	14	-1.50373
32	14	-1.28051
33	14	-1.01988
34	14	-0.720548
35	14	-0.381098
36	14	3.66988e-10
37	14	0.424335
38	14	0.893499
39	14	1.40899
40	14	1.97212
41	14	2.58384
42	14	3.24455
43	14	3.95394
44	14	4.71069
45	14	5.51225
46	14	6.35466
47	14	7.23241
48	14	8.13839
49	14	9.06411
50	14	10
0	15	10
1	15	9.11859
2	15	8.24566
3	15	7.38928
4	15	6.55676
5	15	5.75435
6	15	4.98714
7	15	4.25904
8	15	3.5728
9	15	2.93014
10	15	2.33196
11	15	1.77846
12	15	1.26932
13	15	0.803843
14	15	0.381098
15	15	-7.82246e-16
16	15	-0.340595
17	15	-0.641832
18	15	-0.904809
19	15	-1.13054
20	15	-1.31995
21	15	-1.47381
22	15	-1.59279
23	15	-1.6774
24	15	-1.72802
25	15	-1.74487
26	15	-1.72802
27	15	-1.6774
28	15	-1.59279
29	15	-1.47381
30	15	-1.31995
31	15	-1.13054
32	15	-0.904809
33	15	-0.641832
34	15	-0.340595
35	15	7.77016e-10
36	15	0.381098
37	15	0.803843
38	15	1.26932
39	15	1.77846
40	15	2.33196
41	15	2.93014
42	15	3.5728
43	15	4.25904
44	15	4.98714
45	15	5.75435
46	15	6.55676
47	15	7.38928
48	15	8.24566
49	15	9.11859
50	15	10
0	16	10
1	16	9.16457
2	16	8.33637
3	16	7.52231
4	16	6.72873
5	16	5.96123
6	16	5.2245
7	16	4.52229
8	16	3.85745
9	16	3.23197
10	16	2.64712
11	16	2.10357
12	16	1.60147
13	16	1.14062
14	16	0.720548
15	16	0.340595
16	16	-6.89985e-16
17	16	-0.302045
18	16	-0.566349
19	16	-0.793684
20	16	-0.98476
21	16	-1.1402
22	16	-1.26054
23	16	-1.34619
24	16	-1.39745
25	16	-1.41452
26	16	-1.39745
27	16	-1.34619
28	16	-1.26054
29	16	-1.1402
30	16	-0.98476
31	16	-0.793684
32	16	-0.566349
33	16	-0.302045
34	16	1.06976e-09
35	16	0.340595
36	16	0.720548
37	16	1.14062
38	16	1.60147
39	16	2.10357
40	16	2.64712
41	16	3.23197
42	16	3.85745
43	16	4.52229
44	16	5.2245
45	16	5.96123
46	16	6.72873
47	16	7.52231
48	16	8.33637
49	16	9.16457
50	16	10
0	17	10
1	17	9.20334
2	17	8.41294
3	17	7.63484
4	17	6.87463
5	17	6.13735
6	17	5.42734
7	17	4.74818
8	17	4.10273
9	17	3.49316
10	17	2.92099
11	17	2.38722
12	17	1.89237
13	17	1.43662
14	17	1.01988
15	17	0.641832
16	17	0.302045
17	17	-6.39556e-16
18	17	-0.264859
19	17	-0.493086
20	17	-0.685207
21	17	-0.841699
22	17	-0.962971
23	17	-1.04935
24	17	-1.10108
25	17	-1.11831
26	17	-1.10108
27	17	-1.04935
28	17	-0.962971
29	17	-0.841699
30	17	-0.685207
31	17	-0.493086
32	17	-0.264859
33	17	1.38559e-09
34	17	0.302045
35	17	0.641832
36	17	1.01988
37	17	1.43662
38	17	1.89237
39	17	2.38722
40	17	2.92099
41	17	3.49316
42	17	4.10273
43	17	4.74818
44	17	5.42734
45	17	6.13735
46	17	6.87463
47	17	7.63484
48	17	8.41294
49	17	9.20334
50	17	10
0	18	10
1	18	9.23585
2	18	8.47722
3	18	7.72947
4	18	6.99761
5	18	6.28621
6	18	5.59931
7	18	4.94035
8	18	4.31214
9	18	3.71694
10	18	3.15647
11	18	2.63194
12	18	2.14417
13	18	1.69363
14	18	1.28051
15	18	0.904809
16	18	0.566349
17	18	0.264859
18	18	-5.97028e-16
19	18	-0.228593
20	18	-0.421284
21	18	-0.578418
22	18	-0.700297
23	18	-0.787168
24	18	-0.839215
25	18	-0.856551
26	18	-0.839215
27	18	-0.787168
28	18	-0.700297
29	18	-0.578418
30	18	-0.421284
31	18	-0.228593
32	18	1.34171e-09
33	18	0.264859
34	18	0.566349
35	18	0.904809
36	18	1.28051
37	18	1.69363
38	18	2.14417
39	18	2.63194
40	18	3.15647
41	18	3.71694
42	18	4.31214
43	18	4.94035
44	18	5.59931
45	18	6.28621
46	18	6.99761
47	18	7.72947
48	18	8.47722
49	18	9.23585
50	18	10
0	19	10
1	19	9.26284
2	19	8.53063
3	19	7.8082
4	19	7.10012
5	19	6.41058
6	19	5.74336
7	19	5.10175
8	19	4.48854
9	19	3.90601
10	19	3.356
11	19	2.8399
12	19	2.35873
13	19	1.9132
14	19	1.50373
15	19	1.13054
16	19	0.793684
17	19	0.493086
18	19	0.228593
19	19	-5.5917e-16
20	19	-0.192919
21	19	-0.350393
22	19	-0.47263
23	19	-0.559807
24	19	-0.612058
25	19	-0.629466
26	19	-0.612058
27	19	-0.559807
28	19	-0.47263
29	19	-0.350393
30	19	-0.192919
31	19	1.19897e-09
32	19	0.228593
33	19	0.493086
34	19	0.793684
35	19	1.13054
36	19	1.50373
37	19	1.9132
38	19	2.35873
39	19	2.8399
40	19	3.356
41	19	3.90601
42	19	4.48854
43	19	5.10175
44	19	5.74336
45	19	6.41058
46	19	7.10012
47	19	7.8082
48	19	8.53063
49	19	9.26284
50	19	10
0	20	10
1	20	9.28487
2	20	8.57427
3	20	7.8726
4	20	7.18408
5	20	6.51263
6	20	5.8618
7	20	5.23476
8	20	4.63425
9	20	4.06256
10	20	3.52162
11	20	3.01293
12	20	2.53767
13	20	2.09671
14	20	1.69067
15	20	1.31995
16	20	0.98476
17	20	0.685207
18	20	0.421284
19	20	0.192919
20	20	-5.59062e-16
21	20	-0.157604
22	20	-0.280023
23	20	-0.367374
24	20	-0.419746
25	20	-0.437196
26	20	-0.419746
27	20	-0.367374
28	20	-0.280023
29	20	-0.157604
30	20	9.52278e-10
31	20	0.192919
32	20	0.421284
33	20	0.685207
34	20	0.98476
35	20	1.31995
36	20	1.69067
37	20	2.09671
38	20	2.53767
39	20	3.01293
40	20	3.52162
41	20	4.06256
42	20	4.63425
43	20	5.23476
44	20	5.8618
45	20	6.51263
46	20	7.18408
47	20	7.8726
48	20	8.57427
49	20	9.28487
50	20	10
0	21	10
1	21	9.30238
2	21	8.60896
3	21	7.92384
4	21	7.25098
5	21	6.59405
6	21	5.95646
7	21	5.34125
8	21	4.75112
9	21	4.18838
10	21	3.65498
11	21	3.15253
12	21	2.6823
13	21	2.24531
14	21	1.8423
15	21	1.47381
16	21	1.1402
17	21	0.841699
18	21	0.578418
19	21	0.350393
20	21	0.157604
21	21	-5.94256e-16
22	21	-0.122485
23	21	-0.209918
24	21	-0.262354
25	21	-0.279828
26	21	-0.262354
27	21	-0.209918
28	21	-0.122485
29	21	4.38095e-10
30	21	0.157604
31	21	0.350393
32	21	0.578418
33	21	0.841699
34	21	1.1402
35	21	1.47381
36	21	1.8423
37	21	2.24531
38	21	2.6823
39	21	3.15253
40	21	3.65498
41	21	4.18838
42	21	4.75112
43	21	5.34125
44	21	5.95646
45	21	6.59405
46	21	7.25098
47	21	7.92384
48	21	8.60896
49	21	9.30238
50	21	10
0	22	10
1	22	9.31569
2	22	8.63534
3	22	7.96284
4	22	7.30193
5	22	6.65613
6	22	6.02872
7	22	5.42266
8	22	4.8406
9	22	4.28486
10	22	3.7574
11	22	3.25989
12	22	2.79371
13	22	2.35993
14	22	1.95941
15	22	1.59279
16	22	1.26054
17	22	0.962971
18	22	0.700297
19	22	0.47263
20	22	0.280023
21	22	0.122485
22	22	-6.35703e-16
23	22	-0.0874605
24	22	-0.139924
25	22	-0.157409
26	22	-0.139924
27	22	-0.0874605
28	22	2.09208e-10
29	22	0.122485
30	22	0.280023
31	22	0.47263
32	22	0.700297
33	22	0.962971
34	22	1.26054
35	22	1.59279
36	22	1.95941
37	22	2.35993
38	22	2.79371
39	22	3.25989
40	22	3.7574
41	22	4.28486
42	22	4.8406
43	22	5.42266
44	22	6.02872
45	22	6.65613
46	22	7.30193
47	22	7.96284
48	22	8.63534
49	22	9.31569
50	22	10
0	23	10
1	23	9.32504
2	23	8.65388
3	23	7.99025
4	23	7.33777
5	23	6.69984
6	23	6.07964
7	23	5.48008
8	23	4.90378
9	23	4.35304
10	23	3.82986
11	23	3.33594
12	23	2.8727
13	23	2.44128
14	23	2.04261
15	23	1.6774
16	23	1.34619
17	23	1.04935
18	23	0.787168
19	23	0.559807
20	23	0.367374
21	23	0.209918
22	23	0.0874605
23	23	-6.93409e-16
24	23	-0.052471
25	23	-0.0699602
26	23	-0.052471
27	23	-1.70753e-10
28	23	0.0874605
29	23	0.209918
30	23	0.367374
31	23	0.559807
32	23	0.787168
33	23	1.04935
34	23	1.34619
35	23	1.6774
36	23	2.04261
37	23	2.44128
38	23	2.8727
39	23	3.33594
40	23	3.82986
41	23	4.35304
42	23	4.90378
43	23	5.48008
44	23	6.07964
45	23	6.69984
46	23	7.33777
47	23	7.99025
48	23	8.65388
49	23	9.32504
50	23	10
0	24	10
1	24	9.33059
2	24	8.66488
3	24	8.00653
4	24	7.35905
5	24	6.7258
6	24	6.10991
7	24	5.51424
8	24	4.94139
9	24	4.39366
10	24	3.87307
11	24	3.38132
12	24	2.91986
13	24	2.48989
14	24	2.09236
15	24	1.72802
16	24	1.39745
17	24	1.10108
18	24	0.839215
19	24	0.612058
20	24	0.419746
21	24	0.262354
22	24	0.139924
23	24	0.052471
24	24	-7.6532e-16
25	24	-0.0174901
26	24	-6.41919e-11
27	24	0.052471
28	24	0.139924
29	24	0.262354
30	24	0.419746
31	24	0.612058
32	24	0.839215
33	24	1.10108
34	24	1.39745
35	24	1.72802
36	24	2.09236
37	24	2.48989
38	24	2.91986
39	24	3.38132
40	24	3.87307
41	24	4.39366
42	24	4.94139
43	24	5.51424
44	24	6.10991
45	24	6.7258
46	24	7.35905
47	24	8.00653
48	24	8.66488
49	24	9.33059
50	24	10
0	25	10
1	25	9.33242
2	25	8.66853
3	25	8.01192
4	25	7.36611
5	25	6.73442
6	25	6.11995
7	25	5.52558
8	25	4.95388
9	25	4.40716
10	25	3.88742
11	25	3.3964
12	25	2.93555
13	25	2.50606
14	25	2.10891
15	25	1.74487
16	25	1.41452
17	25	1.11831
18	25	0.856551
19	25	0.629466
20	25	0.437196
21	25	0.279828
22	25	0.157409
23	25	0.0699602
24	25	0.0174901
25	25	-8.48426e-16
26	25	0.0174901
27	25	0.0699602
28	25	0.157409
29	25	0.279828
30	25	0.437196
31	25	0.629466
32	25	0.856551
33	25	1.11831
34	25	1.41452
35	25	1.74487
36	25	2.10891
37	25	2.50606
38	25	2.93555
39	25	3.3964
40	25	3.88742
41	25	4.40716
42	25	4.95388
43	25	5.52558
44	25	6.11995
45	25	6.73442
46	25	7.36611
47	25	8.01192
48	25	8.66853
49	25	9.33242
50	25	10
0	26	10
1	26	9.33059
2	26	8.66488
3	26	8.00653
4	26	7.35905
5	26	6.7258
6	26	6.10991
7	26	5.51424
8	26	4.94139
9	26	4.39366
10	26	3.87307
11	26	3.38132
12	26	2.91986
13	26	2.48989
14	26	2.09236
15	26	1.72802
16	26	1.39745
17	26	1.10108
18	26	0.839215
19	26	0.612058
20	26	0.419746
21	26	0.262354
22	26	0.139924
23	26	0.052471
24	26	6.41902e-11
25	26	-0.0174901
26	26	-9.40426e-16
27	26	0.052471
28	26	0.139924
29	26	0.262354
30	26	0.419746
31	26	0.612058
32	26	0.839215
33	26	1.10108
34	26	1.39745
35	26	1.72802
36	26	2.09236
37	26	2.48989
38	26	2.91986
39	26	3.38132
40	26	3.87307
41	26	4.39366
42	26	4.94139
43	26	5.51424
44	26	6.10991
45	26	6.7258
46	26	7.35905
47	26	8.00653
48	26	8.66488
49	26	9.33059
50	26	10
0	27	10
1	27	9.32504
2	27	8.65388
3	27	7.99025
4	27	7.33777
5	27	6.69984
6	27	6.07964
7	27	5.48008
8	27	4.90378
9	27	4.35304
10	27	3.82986
11	27	3.33594
12	27	2.8727
13	27	2.44128
14	27	2.04261
15	27	1.6774
16	27	1.34619
17	27	1.04935
18	27	0.787168
19	27	0.559807
20	27	0.367374
21	27	0.209918
22	27	0.0874605
23	27	1.70751e-10
24	27	-0.052471
25	27	-0.0699602
26	27	-0.052471
27	27	-1.04033e-15
28	27	0.0874605
29	27	0.209918
30	27	0.367374
31	27	0.559807
32	27	0.787168
33	27	1.04935
34	27	1.34619
35	27	1.6774
36	27	2.04261
37	27	2.44128
38	27	2.8727
39	27	3.33594
40	27	3.82986
41	27	4.35304
42	27	4.90378
43	27	5.48008
44	27	6.07964
45	27	6.69984
46	27	7.33777
47	27	7.99025
48	27	8.65388
49	27	9.32504
50	27	10
0	28	10
1	28	9.31569
2	28	8.63534
3	28	7.96284
4	28	7.30193
5	28	6.65613
6	28	6.02872
7	28	5.42266
8	28	4.8406
9	28	4.28486
10	28	3.7574
11	28	3.25989
12	28	2.79371
13	28	2.35993
14	28	1.95941
15	28	1.59279
16	28	1.26054
17	28	0.962971
18	28	0.700297
19	28	0.47263
20	28	0.280023
21	28	0.122485
22	28	-2.0921e-10
23	28	-0.0874605
24	28	-0.139924
25	28	-0.157409
26	28	-0.139924
27	28	-0.0874605
28	28	-1.13866e-15
29	28	0.122485
30	28	0.280023
31	28	0.47263
32	28	0.700297
33	28	0.962971
34	28	1.26054
35	28	1.59279
36	28	1.95941
37	28	2.35993
38	28	2.79371
39	28	3.25989
40	28	3.7574
41	28	4.28486
42	28	4.8406
43	28	5.42266
44	28	6.02872
45	28	6.65613
46	28	7.30193
47	28	7.96284
48	28	8.63534
49	28	9.31569
50	28	10
0	29	10
1	29	9.30238
2	29	8.60896
3	29	7.92384
4	29	7.25098
5	29	6.59405
6	29	5.95646
7	29	5.34125
8	29	4.75112
9	29	4.18838
10	29	3.65498
11	29	3.15253
12	29	2.6823
13	29	2.24531
14	29	1.8423
15	29	1.47381
16	29	1.1402
17	29	0.841699
18	29	0.578418
19	29	0.350393
20	29	0.157604
21	29	-4.38096e-10
22	29	-0.122485
23	29	-0.209918
24	29	-0.262354
25	29	-0.279828
26	29	-0.262354
27	29	-0.209918
28	29	-0.122485
29	29	-1.25006e-15
30	29	0.157604
31	29	0.350393
32	29	0.578418
33	29	0.841699
34	29	1.1402
35	29	1.47381
36	29	1.8423
37	29	2.24531
38	29	2.6823
39	29	3.15253
40	29	3.65498
41	29	4.18838
42	29	4.75112
43	29	5.34125
44	29	5.95646
45	29	6.59405
46	29	7.25098
47	29	7.92384
48	29	8.60896
49	29	9.30238
50	29	10
0	30	10
1	30	9.28487
2	30	8.57427
3	30	7.8726
4	30	7.18408
5	30	6.51263
6	30	5.8618
7	30	5.23476
8	30	4.63425
9	30	4.06256
10	30	3.52162
11	30	3.01293
12	30	2.53767
13	30	2.09671
14	30	1.69067
15	30	1.31995
16	30	0.98476
17	30	0.685207
18	30	0.421284
19	30	0.192919
20	30	-9.52279e-10
21	30	-0.157604
22	30	-0.280023
23	30	-0.367374
24	30	-0.419746
25	30	-0.437196
26	30	-0.419746
27	30	-0.367374
28	30	-0.280023
29	30	-0.157604
30	30	-1.37664e-15
31	30	0.192919
32	30	0.421284
33	30	0.685207
34	30	0.98476
35	30	1.31995
36	30	1.69067
37	30	2.09671
38	30	2.53767
39	30	3.01293
40	30	3.52162
41	30	4.06256
42	30	4.63425
43	30	5.23476
44	30	5.8618
45	30	6.51263
46	30	7.18408
47	30	7.8726
48	30	8.57427
49	30	9.28487
50	30	10
0	31	10
1	31	9.26284
2	31	8.53063
3	31	7.8082
4	31	7.10012
5	31	6.41058
6	31	5.74336
7	31	5.10175
8	31	4.48854
9	31	3.90601
10	31	3.356
11	31	2.8399
12	31	2.35873
13	31	1.9132
14	31	1.50373
15	31	1.13054
16	31	0.793684
17	31	0.493086
18	31	0.228593
19	31	-1.19898e-09
20	31	-0.192919
21	31	-0.350393
22	31	-0.47263
23	31	-0.559807
24	31	-0.612058
25	31	-0.629466
26	31	-0.612058
27	31	-0.559807
28	31	-0.47263
29	31	-0.350393
30	31	-0.192919
31	31	-1.49065e-15
32	31	0.228593
33	31	0.493086
34	31	0.793684
35	31	1.13054
36	31	1.50373
37	31	1.9132
38	31	2.35873
39	31	2.8399
40	31	3.356
41	31	3.90601
42	31	4.48854
43	31	5.10175
44	31	5.74336
45	31	6.41058
46	31	7.10012
47	31	7.8082
48	31	8.53063
49	31	9.26284
50	31	10
0	32	10
1	32	9.23585
2	32	8.47722
3	32	7.72947
4	32	6.99761
5	32	6.28621
6	32	5.59931
7	32	4.94035
8	32	4.31214
9	32	3.71694
10	32	3.15647
11	32	2.63194
12	32	2.14417
13	32	1.69363
14	32	1.28051
15	32	0.904809
16	32	0.566349
17	32	0.264859
18	32	-1.34172e-09
19	32	-0.228593
20	32	-0.421284
21	32	-0.578418
22	32	-0.700297
23	32	-0.787168
24	32	-0.839215
25	32	-0.856551
26	32	-0.839215
27	32	-0.787168
28	32	-0.700297
29	32	-0.578418
30	32	-0.421284
31	32	-0.228593
32	32	-1.58072e-15
33	32	0.264859
34	32	0.566349
35	32	0.904809
36	32	1.28051
37	32	1.69363
38	32	2.14417
39	32	2.63194
40	32	3.15647
41	32	3.71694
42	32	4.31214
43	32	4.94035
44	32	5.59931
45	32	6.28621
46	32	6.99761
47	32	7.72947
48	32	8.47722
49	32	9.23585
50	32	10
0	33	10
1	33	9.20334
2	33	8.41294
3	33	7.63484
4	33	6.87463
5	33	6.13735
6	33	5.42734
7	33	4.74818
8	33	4.10273
9	33	3.49316
10	33	2.92099
11	33	2.38722
12	33	1.89237
13	33	1.43662
14	33	1.01988
15	33	0.641832
16	33	0.302045
17	33	-1.38559e-09
18	33	-0.264859
19	33	-0.493086
20	33	-0.685207
21	33	-0.841699
22	33	-0.962971
23	33	-1.04935
24	33	-1.10108
25	33	-1.11831
26	33	-1.10108
27	33	-1.04935
28	33	-0.962971
29	33	-0.841699
30	33	-0.685207
31	33	-0.493086
32	33	-0.264859
33	33	-1.62826e-15
34	33	0.302045
35	33	0.641832
36	33	1.01988
37	33	1.43662
38	33	1.89237
39	33	2.38722
40	33	2.92099
41	33	3.49316
42	33	4.10273
43	33	4.74818
44	33	5.42734
45	33	6.13735
46	33	6.87463
47	33	7.63484
48	33	8.41294
49	33	9.20334
50	33	10
0	34	10
1	34	9.16457
2	34	8.33637
3	34	7.52231
4	34	6.72873
5	34	5.96123
6	34	5.2245
7	34	4.52229
8	34	3.85745
9	34	3.23197
10	34	2.64712
11	34	2.10357
12	34	1.60147
13	34	1.14062
14	34	0.720548
15	34	0.340595
16	34	-1.06977e-09
17	34	-0.302045
18	34	-0.566349
19	34	-0.793684
20	34	-0.98476
21	34	-1.1402
22	34	-1.26054
23	34	-1.34619
24	34	-1.39745
25	34	-1.41452
26	34	-1.39745
27	34	-1.34619
28	34	-1.26054
29	34	-1.1402
30	34	-0.98476
31	34	-0.793684
32	34	-0.566349
33	34	-0.302045
34	34	-1.60033e-15
35	34	0.340595
36	34	0.720548
37	34	1.14062
38	34	1.60147
39	34	2.10357
40	34	2.64712
41	34	3.23197
42	34	3.85745
43	34	4.52229
44	34	5.2245
45	34	5.96123
46	34	6.72873
47	34	7.52231
48	34	8.33637
49	34	9.16457
50	34	10
0	35	10
1	35	9.11859
2	35	8.24566
3	35	7.38928
4	35	6.55676
5	35	5.75435
6	35	4.98714
7	35	4.25904
8	35	3.5728
9	35	2.93014
10	35	2.33196
11	35	1.77846
12	35	1.26932
13	35	0.803843
14	35	0.381098
15	35	-7.77018e-10
16	35	-0.340595
17	35	-0.641832
18	35	-0.904809
19	35	-1.13054
20	35	-1.31995
21	35	-1.47381
22	35	-1.59279
23	35	-1.6774
24	35	-1.72802
25	35	-1.74487
26	35	-1.72802
27	35	-1.6774
28	35	-1.59279
29	35	-1.47381
30	35	-1.31995
31	35	-1.13054
32	35	-0.904809
33	35	-0.641832
34	35	-0.340595
35	35	-1.50797e-15
36	35	0.381098
37	35	0.803843
38	35	1.26932
39	35	1.77846
40	35	2.33196
41	35	2.93014
42	35	3.5728
43	35	4.25904
44	35	4.98714
45	35	5.75435
46	35	6.55676
47	35	7.38928
48	35	8.24566
49	35	9.11859
50	35	10
0	36	10
1	36	9.06411
2	36	8.13839
3	36	7.23241
4	36	6.35466
5	36	5.51225
6	36	4.71069
7	36	3.95394
8	36	3.24455
9	36	2.58384
10	36	1.97212
11	36	1.40899
12	36	0.893499
13	36	0.424335
14	36	-3.6699e-10
15	36	-0.381098
16	36	-0.720548
17	36	-1.01988
18	36	-1.28051
19	36	-1.50373
20	36	-1.69067
21	36	-1.8423
22	36	-1.95941
23	36	-2.04261
24	36	-2.09236
25	36	-2.10891
26	36	-2.09236
27	36	-2.04261
28	36	-1.95941
29	36	-1.8423
30	36	-1.69067
31	36	-1.50373
32	36	-1.28051
33	36	-1.01988
34	36	-0.720548
35	36	-0.381098
36	36	-1.36144e-15
37	36	0.424335
38	36	0.893499
39	36	1.40899
40	36	1.97212
41	36	2.58384
42	36	3.24455
43	36	3.95394
44	36	4.71069
45	36	5.51225
46	36	6.35466
47	36	7.23241
48	36	8.13839
49	36	9.06411
50	36	10
0	37	10
1	37	8.99948
2	37	8.01138
3	37	7.04729
4	37	6.11724
5	37	5.2293
6	37	4.38941
7	37	3.60149
8	37	2.86764
9	37	2.18853
10	37	1.5637
11	37	0.991894
12	37	0.471348
13	37	-3.7273e-10
14	37	-0.424335
15	37	-0.803843
16	37	-1.14062
17	37	-1.43662
18	37	-1.69363
19	37	-1.9132
20	37	-2.09671
21	37	-2.24531
22	37	-2.35993
23	37	-2.44128
24	37	-2.48989
25	37	-2.50606
26	37	-2.48989
27	37	-2.44128
28	37	-2.35993
29	37	-2.24531
30	37	-2.09671
31	37	-1.9132
32	37	-1.69363
33	37	-1.43662
34	37	-1.14062
35	37	-0.803843
36	37	-0.424335
37	37	-1.17754e-15
38	37	0.471348
39	37	0.991894
40	37	1.5637
41	37	2.18853
42	37	2.86764
43	37	3.60149
44	37	4.38941
45	37	5.2293
46	37	6.11724
47	37	7.04729
48	37	8.01138
49	37	8.99948
50	37	10
0	38	10
1	38	8.92242
2	38	7.86038
3	38	6.82814
4	38	5.83771
5	38	4.8983
6	38	4.01617
7	38	3.19495
8	38	2.43599
9	38	1.73895
10	38	1.10225
11	38	0.523536
12	38	-3.70591e-10
13	38	-0.471348
14	38	-0.893499
15	38	-1.26932
16	38	-1.60147
17	38	-1.89237
18	38	-2.14417
19	38	-2.35873
20	38	-2.53767
21	38	-2.6823
22	38	-2.79371
23	38	-2.8727
24	38	-2.91986
25	38	-2.93555
26	38	-2.91986
27	38	-2.8727
28	38	-2.79371
29	38	-2.6823
30	38	-2.53767
31	38	-2.35873
32	38	-2.14417
33	38	-1.89237
34	38	-1.60147
35	38	-1.26932
36	38	-0.893499
37	38	-0.471348
38	38	-9.894e-16
39	38	0.523536
40	38	1.10225
41	38	1.73895
42	38	2.43599
43	38	3.19495
44	38	4.01617
45	38	4.8983
46	38	5.83771
47	38	6.82814
48	38	7.86038
49	38	8.92242
50	38	10
0	39	10
1	39	8.82982
2	39	7.67956
3	39	6.56717
4	39	5.50717
5	39	4.51
6	39	3.58204
7	39	2.72614
8	39	1.94242
9	39	1.22902
10	39	0.582817
11	39	-6.57141e-10
12	39	-0.523536
13	39	-0.991894
14	39	-1.40899
15	39	-1.77846
16	39	-2.10357
17	39	-2.38722
18	39	-2.63194
19	39	-2.8399
20	39	-3.01293
21	39	-3.15253
22	39	-3.25989
23	39	-3.33594
24	39	-3.38132
25	39	-3.3964
26	39	-3.38132
27	39	-3.33594
28	39	-3.25989
29	39	-3.15253
30	39	-3.01293
31	39	-2.8399
32	39	-2.63194
33	39	-2.38722
34	39	-2.10357
35	39	-1.77846
36	39	-1.40899
37	39	-0.991894
38	39	-0.523536
39	39	-8.12928e-16
40	39	0.582817
41	39	1.22902
42	39	1.94242
43	39	2.72614
44	39	3.58204
45	39	4.51
46	39	5.50717
47	39	6.56717
48	39	7.67956
49	39	8.82982
50	39	10
0	40	10
1	40	8.7173
2	40	7.46088
3	40	6.25381
4	40	5.11381
5	40	4.0525
6	40	3.07584
7	40	2.18516
8	40	1.37854
9	40	0.651889
10	40	-5.86676e-10
11	40	-0.582817
12	40	-1.10225
13	40	-1.5637
14	40	-1.97212
15	40	-2.33196
16	40	-2.64712
17	40	-2.92099
18	40	-3.15647
19	40	-3.356
20	40	-3.52162
21	40	-3.65498
22	40	-3.7574
23	40	-3.82986
24	40	-3.87307
25	40	-3.88742
26	40	-3.87307
27	40	-3.82986
28	40	-3.7574
29	40	-3.65498
30	40	-3.52162
31	40	-3.356
32	40	-3.15647
33	40	-2.92099
34	40	-2.64712
35	40	-2.33196
36	40	-1.97212
37	40	-1.5637
38	40	-1.10225
39	40	-0.582817
40	40	-6.82869e-16
41	40	0.651889
42	40	1.37854
43	40	2.18516
44	40	3.07584
45	40	4.0525
46	40	5.11381
47	40	6.25381
48	40	7.46088
49	40	8.7173
50	40	10
0	41	10
1	41	8.57851
2	41	7.19285
3	41	5.87337
4	41	4.64174
5	41	3.51036
6	41	2.48364
7	41	1.56014
8	41	0.73467
9	41	-8.5593e-10
10	41	-0.651889
11	41	-1.22902
12	41	-1.73895
13	41	-2.18853
14	41	-2.58384
15	41	-2.93014
16	41	-3.23197
17	41	-3.49316
18	41	-3.71694
19	41	-3.90601
20	41	-4.06256
21	41	-4.18838
22	41	-4.28486
23	41	-4.35304
24	41	-4.39366
25	41	-4.40716
26	41	-4.39366
27	41	-4.35304
28	41	-4.28486
29	41	-4.18838
30	41	-4.06256
31	41	-3.90601
32	41	-3.71694
33	41	-3.49316
34	41	-3.23197
35	41	-2.93014
36	41	-2.58384
37	41	-2.18853
38	41	-1.73895
39	41	-1.22902
40	41	-0.651889
41	41	-6.27329e-16
42	41	0.73467
43	41	1.56014
44	41	2.48364
45	41	3.51036
46	41	4.64174
47	41	5.87337
48	41	7.19285
49	41	8.57851
50	41	10
0	42	10
1	42	8.40391
2	42	6.85863
3	42	5.40508
4	42	4.06944
5	42	2.86356
6	42	1.78823
7	42	0.837092
8	42	-1.03523e-09
9	42	-0.73467
10	42	-1.37854
11	42	-1.94242
12	42	-2.43599
13	42	-2.86764
14	42	-3.24455
15	42	-3.5728
16	42	-3.85745
17	42	-4.10273
18	42	-4.31214
19	42	-4.48854
20	42	-4.63425
21	42	-4.75112
22	42	-4.8406
23	42	-4.90378
24	42	-4.94139
25	42	-4.95388
26	42	-4.94139
27	42	-4.90378
28	42	-4.8406
29	42	-4.75112
30	42	-4.63425
31	42	-4.48854
32	42	-4.31214
33	42	-4.10273
34	42	-3.85745
35	42	-3.5728
36	42	-3.24455
37	42	-2.86764
38	42	-2.43599
39	42	-1.94242
40	42	-1.37854
41	42	-0.73467
42	42	-6.65928e-16
43	42	0.837092
44	42	1.78823
45	42	2.86356
46	42	4.06944
47	42	5.40508
48	42	6.85863
49	42	8.40391
50	42	10
0	43	10
1	43	8.17849
2	43	6.43267
3	43	4.81887
4	43	3.36738
5	43	2.08621
6	43	0.96861
7	43	-1.45327e-09
8	43	-0.837092
9	43	-1.56014
10	43	-2.18516
11	43	-2.72614
12	43	-3.19495
13	43	-3.60149
14	43	-3.95394
15	43	-4.25904
16	43	-4.52229
17	43	-4.74818
18	43	-4.94035
19	43	-5.10175
20	43	-5.23476
21	43	-5.34125
22	43	-5.42266
23	43	-5.48008
24	43	-5.51424
25	43	-5.52558
26	43	-5.51424
27	43	-5.48008
28	43	-5.42266
29	43	-5.34125
30	43	-5.23476
31	43	-5.10175
32	43	-4.94035
33	43	-4.74818
34	43	-4.52229
35	43	-4.25904
36	43	-3.95394
37	43	-3.60149
38	43	-3.19495
39	43	-2.72614
40	43	-2.18516
41	43	-1.56014
42	43	-0.837092
43	43	-9.50957e-16
44	43	0.96861
45	43	2.08621
46	43	3.36738
47	43	4.81887
48	43	6.43267
49	43	8.17849
50	43	10
0	44	10
1	44	7.87738
2	44	5.8747
3	44	4.07035
4	44	2.495
5	44	1.1453
6	44	-1.41014e-09
7	44	-0.96861
8	44	-1.78823
9	44	-2.48364
10	44	-3.07584
11	44	-3.58204
12	44	-4.01617
13	44	-4.38941
14	44	-4.71069
15	44	-4.98714
16	44	-5.2245
17	44	-5.42734
18	44	-5.59931
19	44	-5.74336
20	44	-5.8618
21	44	-5.95646
22	44	-6.02872
23	44	-6.07964
24	44	-6.10991
25	44	-6.11995
26	44	-6.10991
27	44	-6.07964
28	44	-6.02872
29	44	-5.95646
30	44	-5.8618
31	44	-5.74336
32	44	-5.59931
33	44	-5.42734
34	44	-5.2245
35	44	-4.98714
36	44	-4.71069
37	44	-4.38941
38	44	-4.01617
39	44	-3.58204
40	44	-3.07584
41	44	-2.48364
42	44	-1.78823
43	44	-0.96861
44	44	-1.17048e-15
45	44	1.1453
46	44	2.495
47	44	4.07035
48	44	5.8747
49	44	7.87738
50	44	10
0	45	10
1	45	7.45633
2	45	5.11841
3	45	3.09284
4	45	1.39696
5	45	-1.3485e-09
6	45	-1.1453
7	45	-2.08621
8	45	-2.86356
9	45	-3.51036
10	45	-4.0525
11	45	-4.51
12	45	-4.8983
13	45	-5.2293
14	45	-5.51225
15	45	-5.75435
16	45	-5.96123
17	45	-6.13735
18	45	-6.28621
19	45	-6.41058
20	45	-6.51263
21	45	-6.59405
22	45	-6.65613
23	45	-6.69984
24	45	-6.7258
25	45	-6.73442
26	45	-6.7258
27	45	-6.69984
28	45	-6.65613
29	45	-6.59405
30	45	-6.51263
31	45	-6.41058
32	45	-6.28621
33	45	-6.13735
34	45	-5.96123
35	45	-5.75435
36	45	-5.51225
37	45	-5.2293
38	45	-4.8983
39	45	-4.51
40	45	-4.0525
41	45	-3.51036
42	45	-2.86356
43	45	-2.08621
44	45	-1.1453
45	45	-1.11361e-15
46	45	1.39696
47	45	3.09284
48	45	5.11841
49	45	7.45633
50	45	10
0	46	10
1	46	6.82952
2	46	4.04975
3	46	1.78565
4	46	-9.53613e-10
5	46	-1.39696
6	46	-2.495
7	46	-3.36738
8	46	-4.06944
9	46	-4.64174
10	46	-5.11381
11	46	-5.50717
12	46	-5.83771
13	46	-6.11724
14	46	-6.35466
15	46	-6.55676
16	46	-6.72873
17	46	-6.87463
18	46	-6.99761
19	46	-7.10012
20	46	-7.18408
21	46	-7.25098
22	46	-7.30193
23	46	-7.33777
24	46	-7.35905
25	46	-7.36611
26	46	-7.35905
27	46	-7.33777
28	46	-7.30193
29	46	-7.25098
30	46	-7.18408
31	46	-7.10012
32	46	-6.99761
33	46	-6.87463
34	46	-6.72873
35	46	-6.55676
36	46	-6.35466
37	46	-6.11724
38	46	-5.83771
39	46	-5.50717
40	46	-5.11381
41	46	-4.64174
42	46	-4.06944
43	46	-3.36738
44	46	-2.495
45	46	-1.39696
46	46	-5.01294e-16
47	46	1.78565
48	46	4.04975
49	46	6.82952
50	46	10
0	47	10
1	47	5.81199
2	47	2.46543
3	47	-6.22621e-10
4	47	-1.78565
5	47	-3.09284
6	47	-4.07035
7	47	-4.81887
8	47	-5.40508
9	47	-5.87337
10	47	-6.25381
11	47	-6.56717
12	47	-6.82814
13	47	-7.04729
14	47	-7.23241
15	47	-7.38928
16	47	-7.52231
17	47	-7.63484
18	47	-7.72947
19	47	-7.8082
20	47	-7.8726
21	47	-7.92384
22	47	-7.96284
23	47	-7.99025
24	47	-8.00653
25	47	-8.01192
26	47	-8.00653
27	47	-7.99025
28	47	-7.96284
29	47	-7.92384
30	47	-7.8726
31	47	-7.8082
32	47	-7.72947
33	47	-7.63484
34	47	-7.52231
35	47	-7.38928
36	47	-7.23241
37	47	-7.04729
38	47	-6.82814
39	47	-6.56717
40	47	-6.25381
41	47	-5.87337
42	47	-5.40508
43	47	-4.81887
44	47	-4.07035
45	47	-3.09284
46	47	-1.78565
47	47	1.29861e-16
48	47	2.46543
49	47	5.81199
50	47	10
0	48	10
1	48	3.953
2	48	-2.05866e-10
3	48	-2.46543
4	48	-4.04975
5	48	-5.11841
6	48	-5.8747
7	48	-6.43267
8	48	-6.85863
9	48	-7.19285
10	48	-7.46088
11	48	-7.67956
12	48	-7.86038
13	48	-8.01138
14	48	-8.13839
15	48	-8.24566
16	48	-8.33637
17	48	-8.41294
18	48	-8.47722
19	48	-8.53063
20	48	-8.57427
21	48	-8.60896
22	48	-8.63534
23	48	-8.65388
24	48	-8.66488
25	48	-8.66853
26	48	-8.66488
27	48	-8.65388
28	48	-8.63534
29	48	-8.60896
30	48	-8.57427
31	48	-8.53063
32	48	-8.47722
33	48	-8.41294
34	48	-8.33637
35	48	-8.24566
36	48	-8.13839
37	48	-8.01138
38	48	-7.86038
39	48	-7.67956
40	48	-7.46088
41	48	-7.19285
42	48	-6.85863
43	48	-6.43267
44	48	-5.8747
45	48	-5.11841
46	48	-4.04975
47	48	-2.46543
48	48	1.08217e-15
49	48	3.953
50	48	10
0	49	10
1	49	-3.27503e-11
2	49	-3.953
3	49	-5.81199
4	49	-6.82952
5	49	-7.45633
6	49	-7.87738
7	49	-8.17849
8	49	-8.40391
9	49	-8.57851
10	49	-8.7173
11	49	-8.82982
12	49	-8.92242
13	49	-8.99948
14	49	-9.06411
15	49	-9.11859
16	49	-9.16457
17	49	-9.20334
18	49	-9.23585
19	49	-9.26284
20	49	-9.28487
21	49	-9.30238
22	49	-9.31569
23	49	-9.32504
24	49	-9.33059
25	49	-9.33242
26	49	-9.33059
27	49	-9.32504
28	49	-9.31569
29	49	-9.30238
30	49	-9.28487
31	49	-9.26284
32	49	-9.23585
33	49	-9.20334
34	49	-9.16457
35	49	-9.11859
36	49	-9.06411
37	49	-8.99948
38	49	-8.92242
39	49	-8.82982
40	49	-8.7173
41	49	-8.57851
42	49	-8.40391
43	49	-8.17849
44	49	-7.87738
45	49	-7.45633
46	49	-6.82952
47	49	-5.81199
48	49	-3.953
49	49	7.05577e-16
50	49	10
0	50	-10
1	50	-10
2	50	-10
3	50	-10
4	50	-10
5	50	-10
6	50	-10
7	50	-10
8	50	-10
9	50	-10
10	50	-10
11	50	-10
12	50	-10
13	50	-10
14	50	-10
15	50	-10
16	50	-10
17	50	-10
18	50	-10
19	50	-10
20	50	-10
21	50	-10
22	50	-10
23	50	-10
24	50	-10
25	50	-10
26	50	-10
27	50	-10
28	50	-10
29	50	-10
30	50	-10
31	50	-10
32	50	-10
33	50	-10
34	50	-10
35	50	-10
36	50	-10
37	50	-10
38	50	-10
39	50	-10
40	50	-10
41	50	-10
42	50	-10
43	50	-10
44	50	-10
45	50	-10
46	50	-10
47	50	-10
48	50	-10
49	50	-10
50	50	10
